54
98
54
17
22
20
81
7
25
86
46
91
99
46
7
66
30
4
61
15
54
68
78
82
27
45
24
66
2
98
18
21
88
64
57
22
54
61
71
50
94
92
36
68
75
97
73
72
72
48
26
59
76
74
9
98
90
13
69
28
76
10
22
23
12
80
77
87
6
46
80
93
79
29
81
50
56
94
7
42
84
1
11
14
27
40
85
20
7
1
59
67
56
81
51
94
64
62
84
52
62.099999999999994
112.69999999999999
62.099999999999994
19.549999999999997
25.299999999999997
23.0
93.14999999999999
8.049999999999999
28.749999999999996
98.89999999999999
52.9
104.64999999999999
113.85
52.9
8.049999999999999
75.89999999999999
34.5
4.6
70.14999999999999
17.25
62.099999999999994
78.19999999999999
89.69999999999999
94.3
31.049999999999997
51.74999999999999
27.599999999999998
75.89999999999999
2.3
112.69999999999999
20.7
24.15
101.19999999999999
73.6
65.55
25.299999999999997
62.099999999999994
70.14999999999999
81.64999999999999
57.49999999999999
108.1
105.8
41.4
78.19999999999999
86.25
111.55
83.94999999999999
82.8
82.8
55.199999999999996
29.9
67.85
87.39999999999999
85.1
10.35
112.69999999999999
103.49999999999999
14.95
79.35
32.199999999999996
87.39999999999999
11.5
25.299999999999997
26.45
13.799999999999999
92.0
88.55
100.05
6.8999999999999995
52.9
92.0
106.94999999999999
90.85
33.349999999999994
93.14999999999999
57.49999999999999
64.39999999999999
108.1
8.049999999999999
48.3
96.6
1.15
12.649999999999999
16.099999999999998
31.049999999999997
46.0
97.74999999999999
23.0
8.049999999999999
1.15
67.85
77.05
64.39999999999999
93.14999999999999
58.65
108.1
73.6
71.3
96.6
59.8


