2
45
20
18
88
86
41
70
69
37
13
17
85
45
81
24
96
28
77
82
73
43
67
81
35
84
46
28
55
94
54
62
93
96
38
83
50
67
44
28
39
93
31
35
87
59
55
48
67
71
7
38
42
95
7
23
69
47
52
64
41
93
65
45
48
4
95
2
11
2
67
59
93
72
65
30
58
48
17
30
87
5
17
59
53
64
57
33
9
58
58
2
42
59
31
57
63
41
43
13
2.3
51.74999999999999
23.0
20.7
101.19999999999999
98.89999999999999
47.15
80.5
79.35
42.55
14.95
19.549999999999997
97.74999999999999
51.74999999999999
93.14999999999999
27.599999999999998
110.39999999999999
32.199999999999996
88.55
94.3
83.94999999999999
49.449999999999996
77.05
93.14999999999999
40.25
96.6
52.9
32.199999999999996
63.24999999999999
108.1
62.099999999999994
71.3
106.94999999999999
110.39999999999999
43.699999999999996
95.44999999999999
57.49999999999999
77.05
50.599999999999994
32.199999999999996
44.849999999999994
106.94999999999999
35.65
40.25
100.05
67.85
63.24999999999999
55.199999999999996
77.05
81.64999999999999
8.049999999999999
43.699999999999996
48.3
109.24999999999999
8.049999999999999
26.45
79.35
54.05
59.8
73.6
47.15
106.94999999999999
74.75
51.74999999999999
55.199999999999996
4.6
109.24999999999999
2.3
12.649999999999999
2.3
77.05
67.85
106.94999999999999
82.8
74.75
34.5
66.69999999999999
55.199999999999996
19.549999999999997
34.5
100.05
5.75
19.549999999999997
67.85
60.949999999999996
73.6
65.55
37.949999999999996
10.35
66.69999999999999
66.69999999999999
2.3
48.3
67.85
35.65
65.55
72.44999999999999
47.15
49.449999999999996
14.95


