56.0
143.0
74.0
35.0
110.0
106.0
122.0
77.0
94.0
123.0
59.0
108.0
184.0
91.0
88.0
90.0
126.0
32.0
138.0
97.0
127.0
111.0
145.0
163.0
62.0
129.0
70.0
94.0
57.0
192.0
72.0
83.0
181.0
160.0
95.0
105.0
104.0
128.0
115.0
78.0
133.0
185.0
67.0
103.0
162.0
156.0
128.0
120.0
139.0
119.0
33.0
97.0
118.0
169.0
16.0
121.0
159.0
60.0
121.0
92.0
117.0
103.0
87.0
68.0
60.0
84.0
172.0
89.0
17.0
48.0
147.0
152.0
172.0
101.0
146.0
80.0
114.0
142.0
24.0
72.0
171.0
6.0
28.0
73.0
80.0
104.0
142.0
53.0
16.0
59.0
117.0
69.0
98.0
140.0
82.0
151.0
127.0
103.0
127.0
65.0
64.39999999999999
164.45
85.1
40.25
126.49999999999999
121.89999999999999
140.29999999999998
88.55
108.1
141.45
67.85
124.19999999999999
211.59999999999997
104.64999999999999
101.19999999999999
103.49999999999999
144.89999999999998
36.8
158.7
111.55
146.04999999999998
127.64999999999998
166.75
187.45
71.3
148.35
80.5
108.1
65.55
220.79999999999998
82.8
95.44999999999999
208.14999999999998
184.0
109.25
120.74999999999999
119.6
147.2
132.25
89.69999999999999
152.95
212.75
77.05
118.44999999999999
186.3
179.39999999999998
147.2
138.0
159.85
136.85
37.949999999999996
111.54999999999998
135.7
194.34999999999997
18.4
139.14999999999998
182.84999999999997
69.0
139.14999999999998
105.79999999999998
134.54999999999998
118.44999999999999
100.05
78.19999999999999
69.0
96.6
197.79999999999998
102.35
19.549999999999997
55.199999999999996
169.05
174.79999999999998
197.79999999999998
116.14999999999999
167.89999999999998
92.0
131.09999999999997
163.29999999999998
27.599999999999994
82.8
196.64999999999998
6.9
32.199999999999996
83.94999999999999
92.0
119.6
163.29999999999998
60.949999999999996
18.4
67.85
134.54999999999998
79.35
112.69999999999999
161.0
94.3
173.64999999999998
146.04999999999998
118.44999999999999
146.04999999999998
74.75
